1787244905131 0.8763736486434937 0
1787244905270 0.958791196346283 1
1787244905395 0.9752747416496277 2
1787244905528 0.9725274443626404 3
1787244905659 0.9835164546966553 4
1787244905789 0.9835164546966553 5
1787244905917 0.9917582273483276 6
1787244906044 0.9862637519836426 7
1787244906158 0.9862637519836426 8
1787244906275 0.9917582273483276 9
1787244906402 0.9917582273483276 10
1787244906519 0.9917582273483276 11
1787244906636 0.9835164546966553 12
1787244906759 0.9972527623176575 13
1787244906874 0.9972527623176575 14
1787244906991 0.9972527623176575 15
1787244907109 0.9945054650306702 16
1787244907223 0.9945054650306702 17
1787244907340 0.9972527623176575 18
1787244907463 0.9945054650306702 19
