1787244905131 0.2926938533782959 0
1787244905270 0.09222143143415451 1
1787244905395 0.08101969957351685 2
1787244905528 0.06163988634943962 3
1787244905659 0.039819616824388504 4
1787244905789 0.045964352786540985 5
1787244905917 0.02701912820339203 6
1787244906044 0.02894507348537445 7
1787244906158 0.0245086420327425 8
1787244906275 0.02017039619386196 9
1787244906402 0.018262570723891258 10
1787244906519 0.012386158108711243 11
1787244906636 0.03404289856553078 12
1787244906759 0.01250349823385477 13
1787244906874 0.015577699057757854 14
1787244906991 0.008518824353814125 15
1787244907109 0.013631757348775864 16
1787244907223 0.016484204679727554 17
1787244907340 0.007861101068556309 18
1787244907463 0.010332613252103329 19
